v2.0 raw
63
61
20
66
65
20
62
61
20
62
65
20
30
38
20
36
34
20
37
61
20
31
32
20
63
61
20
66
65
20
62
61
20
62
65
20
30
38
20
36
34
20
37
61
20
31
32
d
a
63
61
20
66
65
20
62
61
20
62
65
20
30
38
20
36
34
20
37
61
20
31
32
20
63
61
20
66
65
20
62
61
20
62
65
20
30
38
20
36
34
20
37
61
20
31
32
d
a
63
61
20
66
65
20
62
61
20
62
65
20
30
38
20
36
34
20
37
61
20
31
32
20
63
61
20
66
65
20
62
61
20
62
65
20
30
38
20
36
34
20
37
61
20
31
32
d
a
63
61
20
66
65
20
62
61
20
62
65
20
30
38
20
36
34
20
37
61
20
31
32
20
63
61
20
66
65
20
62
61
20
62
65
20
30
38
20
36
34
20
37
61
20
31
32
d
a
63
61
20
66
65
20
62
61
20
62
65
20
30
38
20
36
34
20
37
61
20
31
32
20
63
61
20
66
65
20
62
61
20
62
65
20
30
38
20
36
34
20
37
61
20
31
32
d
a
63
61
20
66
65
20
62
61
20
62
65
20
30
38
20
36
34
20
37
61
20
31
32
20
63
61
20
66
65
20
62
61
20
62
65
20
30
38
20
36
34
20
37
61
20
31
32
d
a
63
61
20
66
65
20
62
61
20
62
65
20
30
38
20
36
34
20
37
61
20
31
32
20
63
61
20
66
65
20
62
61
20
62
65
20
30
38
20
36
34
20
37
61
20
31
32
d
a
63
61
20
66
65
20
62
61
20
62
65
20
30
38
20
36
34
20
37
61
20
31
32
20
63
61
20
66
65
20
62
61
20
62
65
20
30
38
20
36
34
20
37
61
20
31
32
d
a
63
61
20
66
65
20
62
61
20
62
65
20
30
38
20
36
34
20
37
61
20
31
32
20
63
61
20
66
65
20
62
61
20
62
65
20
30
38
20
36
34
20
37
61
20
31
32
d
a
63
61
20
66
65
20
62
61
20
62
65
20
30
38
20
36
34
20
37
61
20
31
32
20
63
61
20
66
65
20
62
61
20
62
65
20
30
38
20
36
34
20
37
61
20
31
32
d
a
63
61
20
66
65
20
62
61
20
62
65
20
30
38
20
36
34
20
37
61
20
31
32
20
63
61
20
66
65
20
62
61
20
62
65
20
30
38
20
36
34
20
37
61
20
31
32
d
a
63
61
20
66
65
20
62
61
20
62
65
20
30
38
20
36
34
20
37
61
20
31
32
20
63
61
20
66
65
20
62
61
20
62
65
20
30
38
20
36
34
20
37
61
20
31
32
d
a
63
61
20
66
65
20
62
61
20
62
65
20
30
38
20
36
34
20
37
61
20
31
32
20
63
61
20
66
65
20
62
61
20
62
65
20
30
38
20
36
34
20
37
61
20
31
32
d
a
63
61
20
66
65
20
62
61
20
62
65
20
30
38
20
36
34
20
37
61
20
31
32
20
63
61
20
66
65
20
62
61
20
62
65
20
30
38
20
36
34
20
37
61
20
31
32
d
a
63
61
20
66
65
20
62
61
20
62
65
20
30
38
20
36
34
20
37
61
20
31
32
20
63
61
20
66
65
20
62
61
20
62
65
20
30
38
20
36
34
20
37
61
20
31
32
d
a
63
61
20
66
65
20
62
61
20
62
65
20
30
38
20
36
34
20
37
61
20
31
32
20
63
61
20
66
65
20
62
61
20
62
65
20
30
38
20
36
34
20
37
61
20
31
32
